59,587
59,586
59,585
59,584
59,583
59,582
59,581
59,580
59,579
59,578
59,577
59,576
59,575
59,574
59,573
59,572
59,571
59,570
59,569
59,568
59,567
59,566
59,565
59,564
59,563
59,562
59,561
59,560
59,559
59,558
59,557
59,556
59,555
59,554
59,553
59,552
59,551
59,550
59,549
59,548
59,547
59,546
59,545
59,544
59,543
59,542
59,541
59,540
59,539
59,538
59,537
59,536
59,535
59,534
59,533
59,532
59,531
59,530
59,529
59,528
59,527
59,526
59,525
59,524
59,523
59,522
59,521
59,520
59,519
59,518
59,517
59,516
59,639
59,515
59,514
59,513
59,512
59,510
59,509
59,508
59,507
59,506
59,505
59,504
59,503
59,502
59,501
59,500
59,499
59,498
59,497
59,496
59,495
59,494
59,493
59,492
59,491
59,490
59,489
59,488
59,487
59,486
59,485
59,484
59,483
59,482
59,481
59,480
59,479
59,478
59,477
59,476
59,475
59,474
59,473
59,472
59,471
59,470
59,469
59,468
59,467
59,466
59,465
59,464
59,463
59,462
59,461
59,460
59,459
59,458
59,457
59,456
59,455
59,454
59,453
59,452
59,451
59,450
59,449
59,448
59,447
59,446
59,445
59,444
59,443
59,442
59,441
59,440
59,439
59,438
59,437
59,436
59,435
59,434
59,433
59,432
59,431
59,430
59,429
59,428
59,427
59,426
59,425
59,424
59,423
59,422
59,421
59,420
59,419
59,511
59,418
59,417
59,416
59,415
59,414
0,526
59,413
59,412
59,411
59,410
59,409
59,408
59,407
59,406
59,405
59,404
59,403
59,402
59,401
59,400
59,399
59,398
59,397
59,396
59,395
59,394
59,393
59,392
59,391
59,390
59,389
59,388
59,387
59,386
59,385
59,384
59,383
59,382
59,381
59,380
59,379
59,378
59,377
59,376
59,375
59,374
59,373
59,372
59,371
59,370
59,369
59,368
59,367
59,366
59,365
59,364
59,363
59,362
59,361
59,360
59,359
59,358
59,357
59,356
59,355
59,354
59,353
59,352
59,351
59,350
59,349
59,348
59,347
59,346
59,345
59,344
59,343
59,342
59,341
59,340
59,339
59,338
59,337
59,336
59,335
59,334
59,333
59,332
59,331
59,330
59,329
59,328
59,327
59,326
59,325
59,324
59,323
59,322
59,321
59,320
59,318
59,317
59,316
59,315
59,314
59,313
59,312
59,311
59,310
59,309
59,308
59,307
59,306
59,305
59,304
59,303
59,302
59,301
59,300
59,299
59,298
59,297
59,296
59,295
59,294
59,293
59,292
59,291
59,290
59,289
59,288
59,287
59,286
59,285
59,284
59,283
59,282
59,281
59,280
59,279
59,278
59,277
59,276
59,275
59,274
59,273
59,272
59,271
59,270
59,269
59,268
59,267
59,266
59,265
59,264
59,263
59,262
59,261
59,260
59,259
59,258
59,257
59,256
59,255
59,254
59,253
59,252
0,525
